image_width: 848
image_height: 480
camera_name: narrow_stereo/left
camera_matrix:
  rows: 3
  cols: 3
  data: [409.35929, 0., 423.96775, 0., 408.53654, 256.43021, 0., 0., 1.]
distortion_model: plumb_bob
distortion_coefficients:
  rows: 1
  cols: 5
  data: [-0.010697, -0.007682, 0.007342, 0.001959, 0.000000]
rectification_matrix:
  rows: 3
  cols: 3
  data:
    [
      0.99871729,
      -0.01392296,
      0.04868185,
      0.01386343,
      0.99990268,
      0.00156015,
      -0.04869884,
      -0.00088325,
      0.99881312,
    ]
projection_matrix:
  rows: 3
  cols: 4
  data:
    [426.93371, 0., 396.67803, 0., 0., 426.93371, 267.8688, 0., 0., 0., 1., 0.]
