image_width: 848
image_height: 480
camera_name: narrow_stereo/left
camera_matrix:
  rows: 3
  cols: 3
  data: [421.60117,   0.     , 424.17716,
           0.     , 422.19045, 254.84633,
           0.     ,   0.     ,   1.     ]
distortion_model: plumb_bob
distortion_coefficients:
  rows: 1
  cols: 5
  data: [-0.006181, -0.002353, 0.007206, 0.000461, 0.000000]
rectification_matrix:
  rows: 3
  cols: 3
  data: [ 0.99903744, -0.01449705,  0.04140073,
          0.01384442,  0.99977603,  0.01600715,
         -0.04162352, -0.01541857,  0.99901439]
projection_matrix:
  rows: 3
  cols: 4
  data: [456.63488,   0.     , 402.7873 ,   0.     ,
           0.     , 456.63488, 246.32678,   0.     ,
           0.     ,   0.     ,   1.     ,   0.     ]
