image_width: 848
image_height: 480
camera_name: narrow_stereo/left
camera_matrix:
  rows: 3
  cols: 3
  data: [408.90576,   0.     , 422.98387,
           0.     , 409.18159, 248.05973,
           0.     ,   0.     ,   1.     ]
distortion_model: plumb_bob
distortion_coefficients:
  rows: 1
  cols: 5
  data: [-0.022643, 0.001649, 0.005882, -0.003128, 0.000000]
rectification_matrix:
  rows: 3
  cols: 3
  data: [ 0.99770578, -0.02512007,  0.06286628,
          0.02519496,  0.99968248, -0.0003988 ,
         -0.0628363 ,  0.0019818 ,  0.99802188]
projection_matrix:
  rows: 3
  cols: 4
  data: [453.69312,   0.     , 377.54171,   0.     ,
           0.     , 453.69312, 249.76957,   0.     ,
           0.     ,   0.     ,   1.     ,   0.     ]
