# oST version 5.0 parameters


[image]

width
848

height
480

[narrow_stereo/left]

camera matrix
438.005795 0.000000 429.990665
0.000000 439.920158 249.262424
0.000000 0.000000 1.000000

distortion
-0.006015 0.010215 0.002995 0.004515 0.000000

rectification
0.999883 -0.014742 -0.003975
0.014774 0.999857 0.008216
0.003853 -0.008274 0.999958

projection
465.080483 0.000000 444.414356 0.000000
0.000000 465.080483 239.411573 0.000000
0.000000 0.000000 1.000000 0.000000
# oST version 5.0 parameters


[image]

width
848

height
480

[narrow_stereo/right]

camera matrix
426.874685 0.000000 417.157524
0.000000 427.021235 231.873270
0.000000 0.000000 1.000000

distortion
-0.004154 0.002751 -0.005208 -0.001147 0.000000

rectification
0.999161 0.005568 -0.040562
-0.005903 0.999950 -0.008127
0.040515 0.008360 0.999144

projection
465.080483 0.000000 444.414356 1144.044409
0.000000 465.080483 239.411573 0.000000
0.000000 0.000000 1.000000 0.000000
