# oST version 5.0 parameters


[image]

width
848

height
480

[narrow_stereo/left]

camera matrix
427.096880 0.000000 413.467652
0.000000 426.967565 230.638393
0.000000 0.000000 1.000000

distortion
0.007948 -0.003148 -0.005652 -0.004385 0.000000

rectification
0.996478 0.040993 -0.073152
-0.041862 0.999069 -0.010385
0.072658 0.013411 0.997267

projection
399.766145 0.000000 470.873821 0.000000
0.000000 399.766145 233.636866 0.000000
0.000000 0.000000 1.000000 0.000000
# oST version 5.0 parameters


[image]

width
848

height
480

[narrow_stereo/right]

camera matrix
430.202924 0.000000 423.729235
0.000000 430.269857 242.836986
0.000000 0.000000 1.000000

distortion
0.011606 -0.003945 0.001200 0.001164 0.000000

rectification
0.997444 0.044091 -0.056228
-0.043418 0.998971 0.013138
0.056749 -0.010664 0.998332

projection
399.766145 0.000000 470.873821 -89.640131
0.000000 399.766145 233.636866 0.000000
0.000000 0.000000 1.000000 0.000000
