image_width: 848
image_height: 480
camera_name: narrow_stereo/right
camera_matrix:
  rows: 3
  cols: 3
  data: [416.33345, 0., 432.62717, 0., 417.03704, 257.54977, 0., 0., 1.]
distortion_model: plumb_bob
distortion_coefficients:
  rows: 1
  cols: 5
  data: [-0.024024, 0.001474, 0.012750, 0.010325, 0.000000]
rectification_matrix:
  rows: 3
  cols: 3
  data:
    [
      0.99882445,
      -0.01205233,
      0.04695176,
      0.01210972,
      0.99992623,
      -0.000938,
      -0.04693699,
      0.00150547,
      0.99889672,
    ]
projection_matrix:
  rows: 3
  cols: 4
  data:
    [
      426.93371,
      0.,
      396.67803,
      602.44434,
      0.,
      426.93371,
      267.8688,
      0.,
      0.,
      0.,
      1.,
      0.,
    ]
