image_width: 848
image_height: 480
camera_name: narrow_stereo/right
camera_matrix:
  rows: 3
  cols: 3
  data: [424.99857,   0.     , 413.16907,
           0.     , 424.8757 , 234.47621,
           0.     ,   0.     ,   1.     ]
distortion_model: plumb_bob
distortion_coefficients:
  rows: 1
  cols: 5
  data: [-0.016400, 0.005199, -0.003613, -0.002662, 0.000000]
rectification_matrix:
  rows: 3
  cols: 3
  data: [ 0.99995674,  0.00223708, -0.00902811,
         -0.0023787 ,  0.99987382, -0.01570608,
          0.00899184,  0.01572687,  0.99983589]
projection_matrix:
  rows: 3
  cols: 4
  data: [ 456.63488,    0.     ,  402.7873 , 1102.52914,
            0.     ,  456.63488,  246.32678,    0.     ,
            0.     ,    0.     ,    1.     ,    0.     ]
